100012217690864
100012472456568
100012236539216
100012534874784
100012273737548
100012542506073
100012296106096
100012627810808
100012301860219
100012660047219
100012315786316
100012686508410
100012329672101
100012687369260
100012400202014
100012750167855
100012446584766
100012751306756
100012447157760
100012760929631
100012540637325
100012778356329
100012554651620
100012782766260
100012662260209
100012824528248
100012725803994
100012846131571
100012761954122
100012867310189
100012769501661
100012787907167
100012891465740
100012932539278
100012827438848
100012962461191
100012878282702
100012985383742
100012831309625
100013000050884
100012937950159
100013042698686
100013015594333
100012971827581
100013054534420
100013176970676